{
    "ModelData" : {
        "edges" : [
            [
                -1,
                0.02127182,
                0.032841276,
                0.03962389,
                0.026294043,
                0.04182878,
                0.05330985,
                0.04465564,
                0.042665098,
                -1,
                -1
            ],
            [
                0.02127182,
                -1,
                0.014059441,
                0.026706366,
                0.017580096,
                0.027705207,
                0.038801886,
                0.03284397,
                0.03893676,
                0.045650043,
                0.039301425
            ],
            [
                0.032841276,
                0.014059441,
                -1,
                0.017665703,
                0.023610666,
                0.024178449,
                0.030299226,
                0.021182658,
                0.041745104,
                0.036346737,
                0.03276862
            ],
            [
                0.03962389,
                0.026706366,
                0.017665703,
                -1,
                0.039098445,
                0.0396018,
                0.040951815,
                0.018272294,
                0.056583982,
                0.038289662,
                0.020206457
            ],
            [
                0.026294043,
                0.017580096,
                0.023610666,
                0.039098445,
                -1,
                0.017178923,
                0.031271916,
                0.03667049,
                0.021299701,
                0.041170713,
                0.04619221
            ],
            [
                0.04182878,
                0.027705207,
                0.024178449,
                0.0396018,
                0.017178923,
                -1,
                0.015355115,
                0.03132005,
                0.022279682,
                0.03171635,
                0.047361434
            ],
            [
                0.05330985,
                0.038801886,
                0.030299226,
                0.040951815,
                0.031271916,
                0.015355115,
                -1,
                0.026974177,
                0.032094896,
                0.020399302,
                0.045054108
            ],
            [
                0.04465564,
                0.03284397,
                0.021182658,
                0.018272294,
                0.03667049,
                0.03132005,
                0.026974177,
                -1,
                0.047469802,
                0.020259578,
                0.01975805
            ],
            [
                0.042665098,
                0.03893676,
                0.041745104,
                0.056583982,
                0.021299701,
                0.022279682,
                0.032094896,
                0.047469802,
                -1,
                -1,
                -1
            ],
            [
                -1,
                0.045650043,
                0.036346737,
                0.038289662,
                0.041170713,
                0.03171635,
                0.020399302,
                0.020259578,
                -1,
                -1,
                0.033194453
            ],
            [
                -1,
                0.039301425,
                0.03276862,
                0.020206457,
                0.04619221,
                0.047361434,
                0.045054108,
                0.01975805,
                -1,
                0.033194453,
                -1
            ]
        ],
        "id" : 1,
        "name" : "Brennertarget",
        "points" : [
            {
                "w" : 1,
                "x" : 0.021280129,
                "y" : -0.015578032,
                "z" : -0.01693803
            },
            {
                "w" : 1,
                "x" : 0.007495987,
                "y" : 0.0006812364,
                "z" : -0.017220557
            },
            {
                "w" : 1,
                "x" : -0.005111861,
                "y" : 0.003358528,
                "z" : -0.0115816
            },
            {
                "w" : 1,
                "x" : -0.017134089,
                "y" : -0.009314328,
                "z" : -0.014082134
            },
            {
                "w" : 1,
                "x" : 0.016895445,
                "y" : 0.006702006,
                "z" : -0.0036054254
            },
            {
                "w" : 1,
                "x" : 0.0059403786,
                "y" : 0.015983045,
                "z" : 0.005826056
            },
            {
                "w" : 1,
                "x" : -0.0056256074,
                "y" : 0.016063064,
                "z" : 0.015914142
            },
            {
                "w" : 1,
                "x" : -0.01724923,
                "y" : -0.0049419254,
                "z" : 0.0036581159
            },
            {
                "w" : 1,
                "x" : 0.025852293,
                "y" : 0.012237415,
                "z" : 0.015055239
            },
            {
                "w" : 1,
                "x" : -0.014157492,
                "y" : -0.0010131896,
                "z" : 0.02321291
            },
            {
                "w" : 1,
                "x" : -0.018185955,
                "y" : -0.0241777,
                "z" : -0.0002385974
            }
        ],
        "status" : 1,
        "uuid" : "2a3fa4ec-539e-4a02-b382-0feaf55f4dfc"
    }
}