{
    "ModelData" : {
        "edges" : [
            [
                -1,
                0.015189237,
                0.022484345,
                0.018720923,
                0.035961095,
                0.054977216,
                0.04119227,
                0.050278682,
                0.032732222,
                0.02658287,
                0.028296081,
                0.031078702,
                0.04679573,
                0.04912634,
                0.05404347,
                0.04959637,
                0.039984155
            ],
            [
                0.015189237,
                -1,
                0.03648492,
                0.022158014,
                0.025385777,
                0.062092997,
                0.05070073,
                0.053094402,
                0.029197464,
                0.03634314,
                0.042952046,
                0.028326115,
                0.060235005,
                0.062026743,
                0.051701184,
                0.042052124,
                0.026092593
            ],
            [
                0.022484345,
                0.03648492,
                -1,
                0.024479011,
                0.049756005,
                0.040263303,
                0.024451908,
                0.043124508,
                0.039302535,
                0.032847855,
                0.015101631,
                0.048873667,
                0.027971154,
                0.028120419,
                0.053823035,
                0.057330184,
                0.058901828
            ],
            [
                0.018720923,
                0.022158014,
                0.024479011,
                -1,
                0.026360117,
                0.04228363,
                0.03039503,
                0.033007145,
                0.016109599,
                0.044020995,
                0.0374486,
                0.04673577,
                0.049928598,
                0.047413368,
                0.03737438,
                0.035515293,
                0.04154469
            ],
            [
                0.035961095,
                0.025385777,
                0.049756005,
                0.026360117,
                -1,
                0.057829864,
                0.05213758,
                0.042386502,
                0.016301962,
                0.059909426,
                0.060717687,
                0.050065935,
                -1,
                0.070242815,
                0.033758417,
                0.018620398,
                0.024637682
            ],
            [
                0.054977216,
                0.062092997,
                0.040263303,
                0.04228363,
                0.057829864,
                -1,
                0.017480707,
                0.020627106,
                0.04326878,
                0.06933753,
                0.0508802,
                -1,
                0.042814333,
                0.031864755,
                0.03554144,
                0.05149063,
                -1
            ],
            [
                0.04119227,
                0.05070073,
                0.024451908,
                0.03039503,
                0.05213758,
                0.017480707,
                -1,
                0.024334162,
                0.03703564,
                0.056239806,
                0.036719847,
                0.06851326,
                0.03455664,
                0.025182841,
                0.040458534,
                0.05159744,
                0.068015195
            ],
            [
                0.050278682,
                0.053094402,
                0.043124508,
                0.033007145,
                0.042386502,
                0.020627106,
                0.024334162,
                -1,
                0.027533762,
                0.07143767,
                0.056957707,
                0.07591,
                0.05617362,
                0.047159147,
                0.018829739,
                0.034278348,
                0.06280482
            ],
            [
                0.032732222,
                0.029197464,
                0.039302535,
                0.016109599,
                0.016301962,
                0.04326878,
                0.03703564,
                0.027533762,
                -1,
                0.05809882,
                0.052543186,
                0.055443715,
                0.061973862,
                0.05767865,
                0.024964886,
                0.020250564,
                0.03840131
            ],
            [
                0.02658287,
                0.03634314,
                0.032847855,
                0.044020995,
                0.059909426,
                0.06933753,
                0.056239806,
                0.07143767,
                0.05809882,
                -1,
                0.023916727,
                0.02601728,
                0.042607892,
                0.05125768,
                0.07644545,
                0.07313211,
                0.054980986
            ],
            [
                0.028296081,
                0.042952046,
                0.015101631,
                0.0374486,
                0.060717687,
                0.0508802,
                0.036719847,
                0.056957707,
                0.052543186,
                0.023916727,
                -1,
                0.0461122,
                0.02233728,
                0.02909112,
                0.06682756,
                0.069545485,
                0.06483895
            ],
            [
                0.031078702,
                0.028326115,
                0.048873667,
                0.04673577,
                0.050065935,
                -1,
                0.06851326,
                0.07591,
                0.055443715,
                0.02601728,
                0.0461122,
                -1,
                0.06319206,
                -1,
                -1,
                -1,
                0.03581265
            ],
            [
                0.04679573,
                0.060235005,
                0.027971154,
                0.049928598,
                -1,
                0.042814333,
                0.03455664,
                0.05617362,
                0.061973862,
                0.042607892,
                0.02233728,
                0.06319206,
                -1,
                0.01268105,
                -1,
                -1,
                -1
            ],
            [
                0.04912634,
                0.062026743,
                0.028120419,
                0.047413368,
                0.070242815,
                0.031864755,
                0.025182841,
                0.047159147,
                0.05767865,
                0.05125768,
                0.02909112,
                -1,
                0.01268105,
                -1,
                0.06120264,
                -1,
                -1
            ],
            [
                0.05404347,
                0.051701184,
                0.053823035,
                0.03737438,
                0.033758417,
                0.03554144,
                0.040458534,
                0.018829739,
                0.024964886,
                0.07644545,
                0.06682756,
                -1,
                -1,
                0.06120264,
                -1,
                0.019159378,
                0.05320535
            ],
            [
                0.04959637,
                0.042052124,
                0.057330184,
                0.035515293,
                0.018620398,
                0.05149063,
                0.05159744,
                0.034278348,
                0.020250564,
                0.07313211,
                0.069545485,
                -1,
                -1,
                -1,
                0.019159378,
                -1,
                0.037677847
            ],
            [
                0.039984155,
                0.026092593,
                0.058901828,
                0.04154469,
                0.024637682,
                -1,
                0.068015195,
                0.06280482,
                0.03840131,
                0.054980986,
                0.06483895,
                0.03581265,
                -1,
                -1,
                0.05320535,
                0.037677847,
                -1
            ]
        ],
        "id" : 5,
        "name" : "pf_umgebung_p2",
        "points" : [
            {
                "w" : 1,
                "x" : -0.012320023,
                "y" : 0.012153517,
                "z" : -0.007951553
            },
            {
                "w" : 1,
                "x" : -0.0032426843,
                "y" : 0.02417037,
                "z" : -0.0059599285
            },
            {
                "w" : 1,
                "x" : -0.015783196,
                "y" : -0.010056348,
                "z" : -0.0073551806
            },
            {
                "w" : 1,
                "x" : 0.004265215,
                "y" : 0.0037271318,
                "z" : -0.010021757
            },
            {
                "w" : 1,
                "x" : 0.021938253,
                "y" : 0.02213842,
                "z" : -0.0034913819
            },
            {
                "w" : 1,
                "x" : 0.013508728,
                "y" : -0.034310345,
                "z" : 0.005932799
            },
            {
                "w" : 1,
                "x" : 0.0024412663,
                "y" : -0.026178394,
                "z" : -0.0049205553
            },
            {
                "w" : 1,
                "x" : 0.025893612,
                "y" : -0.020066116,
                "z" : -0.0025808343
            },
            {
                "w" : 1,
                "x" : 0.019892419,
                "y" : 0.006405061,
                "z" : -0.0072203553
            },
            {
                "w" : 1,
                "x" : -0.037078753,
                "y" : 0.0132836215,
                "z" : 0.0016510087
            },
            {
                "w" : 1,
                "x" : -0.030041303,
                "y" : -0.009218429,
                "z" : -0.00245196
            },
            {
                "w" : 1,
                "x" : -0.024915924,
                "y" : 0.035275802,
                "z" : 0.008491059
            },
            {
                "w" : 1,
                "x" : -0.028810445,
                "y" : -0.0278787,
                "z" : 0.009781832
            },
            {
                "w" : 1,
                "x" : -0.018485151,
                "y" : -0.034415714,
                "z" : 0.0064124586
            },
            {
                "w" : 1,
                "x" : 0.036212545,
                "y" : -0.006920552,
                "z" : 0.006201814
            },
            {
                "w" : 1,
                "x" : 0.03583698,
                "y" : 0.012149325,
                "z" : 0.0038633728
            },
            {
                "w" : 1,
                "x" : 0.0106885275,
                "y" : 0.039741293,
                "z" : 0.009618966
            }
        ],
        "status" : 0,
        "uuid" : "3c9f2923-cec8-4b24-80ee-4628e3beb357"
    }
}