{
    "ModelData" : {
        "edges" : [
            [
                -1,
                0.024380699,
                0.02751068,
                0.0330191,
                0.042400096,
                0.050299436,
                0.05307913,
                0.043164685,
                0.057024464,
                0.07129579,
                0.056680817,
                0.047526143,
                0.020624546,
                0.018861305,
                0.03423302,
                0.063381836,
                0.07629663
            ],
            [
                0.024380699,
                -1,
                0.037034206,
                0.030417657,
                0.05215229,
                0.04122188,
                0.050700355,
                0.024469255,
                0.036743637,
                0.056133367,
                0.034744695,
                0.025146974,
                0.017504541,
                0.040441684,
                0.051534574,
                0.06811902,
                0.0686813
            ],
            [
                0.02751068,
                0.037034206,
                -1,
                0.016110279,
                0.01632442,
                0.032738697,
                0.029195827,
                0.039314684,
                0.05256994,
                0.057984717,
                0.062012605,
                0.05766437,
                0.043233257,
                0.025023974,
                0.020229094,
                0.038441148,
                0.055503972
            ],
            [
                0.0330191,
                0.030417657,
                0.016110279,
                -1,
                0.026370062,
                0.01870953,
                0.022149242,
                0.024496853,
                0.037465364,
                0.043904703,
                0.050094765,
                0.047406353,
                0.042298764,
                0.037422378,
                0.035520505,
                0.041551456,
                0.04675543
            ],
            [
                0.042400096,
                0.05215229,
                0.01632442,
                0.026370062,
                -1,
                0.03595003,
                0.025367318,
                0.04976736,
                0.060744297,
                0.059809927,
                0.07295695,
                0.070340484,
                0.057798058,
                0.033832394,
                0.018645188,
                0.024625385,
                0.050024662
            ],
            [
                0.050299436,
                0.04122188,
                0.032738697,
                0.01870953,
                0.03595003,
                -1,
                0.015169282,
                0.022507485,
                0.028343461,
                0.026529802,
                0.047001813,
                0.049172405,
                0.055044416,
                0.05410565,
                0.04958752,
                0.0400016,
                0.031049756
            ],
            [
                0.05307913,
                0.050700355,
                0.029195827,
                0.022149242,
                0.025367318,
                0.015169282,
                -1,
                0.036475316,
                0.042980663,
                0.03629758,
                0.060323514,
                0.06200481,
                0.062019903,
                0.051728487,
                0.042069446,
                0.026072849,
                0.028288852
            ],
            [
                0.043164685,
                0.024469255,
                0.039314684,
                0.024496853,
                0.04976736,
                0.022507485,
                0.036475316,
                -1,
                0.015116335,
                0.032750543,
                0.028094152,
                0.028088186,
                0.040316302,
                0.053889517,
                0.05743382,
                0.058930498,
                0.0489014
            ],
            [
                0.057024464,
                0.036743637,
                0.05256994,
                0.037465364,
                0.060744297,
                0.028343461,
                0.042980663,
                0.015116335,
                -1,
                0.023857363,
                0.02242809,
                0.029113896,
                0.050988402,
                0.06685544,
                -1,
                0.064853705,
                0.046176836
            ],
            [
                0.07129579,
                0.056133367,
                0.057984717,
                0.043904703,
                0.059809927,
                0.026529802,
                0.03629758,
                0.032750543,
                0.023857363,
                -1,
                0.042709146,
                0.05129621,
                0.06946978,
                -1,
                0.07292938,
                0.055089187,
                0.026076807
            ],
            [
                0.056680817,
                0.034744695,
                0.062012605,
                0.050094765,
                0.07295695,
                0.047001813,
                0.060323514,
                0.028094152,
                0.02242809,
                0.042709146,
                -1,
                0.012818919,
                0.042897213,
                -1,
                -1,
                -1,
                -1
            ],
            [
                0.047526143,
                0.025146974,
                0.05766437,
                0.047406353,
                0.070340484,
                0.049172405,
                0.06200481,
                0.028088186,
                0.029113896,
                0.05129621,
                0.012818919,
                -1,
                0.031895265,
                0.06091286,
                -1,
                -1,
                -1
            ],
            [
                0.020624546,
                0.017504541,
                0.043233257,
                0.042298764,
                0.057798058,
                0.055044416,
                0.062019903,
                0.040316302,
                0.050988402,
                0.06946978,
                0.042897213,
                0.031895265,
                -1,
                0.03537214,
                0.051237006,
                -1,
                -1
            ],
            [
                0.018861305,
                0.040441684,
                0.025023974,
                0.037422378,
                0.033832394,
                0.05410565,
                0.051728487,
                0.053889517,
                0.06685544,
                -1,
                -1,
                0.06091286,
                0.03537214,
                -1,
                0.019146102,
                -1,
                -1
            ],
            [
                0.03423302,
                0.051534574,
                0.020229094,
                0.035520505,
                0.018645188,
                0.04958752,
                0.042069446,
                0.05743382,
                -1,
                0.07292938,
                -1,
                -1,
                0.051237006,
                0.019146102,
                -1,
                0.037669934,
                -1
            ],
            [
                0.063381836,
                0.06811902,
                0.038441148,
                0.041551456,
                0.024625385,
                0.0400016,
                0.026072849,
                0.058930498,
                0.064853705,
                0.055089187,
                -1,
                -1,
                -1,
                -1,
                0.037669934,
                -1,
                0.035752848
            ],
            [
                0.07629663,
                0.0686813,
                0.055503972,
                0.04675543,
                0.050024662,
                0.031049756,
                0.028288852,
                0.0489014,
                0.046176836,
                0.026076807,
                -1,
                -1,
                -1,
                -1,
                -1,
                0.035752848,
                -1
            ]
        ],
        "id" : 1,
        "name" : "pf_umgebung_p2_sw",
        "points" : [
            {
                "w" : 1,
                "x" : 0.0049928124,
                "y" : 0.0039953105,
                "z" : -0.03376332
            },
            {
                "w" : 1,
                "x" : -0.015790325,
                "y" : 0.007708106,
                "z" : -0.021557529
            },
            {
                "w" : 1,
                "x" : 0.019729309,
                "y" : 0.009805493,
                "z" : -0.01126229
            },
            {
                "w" : 1,
                "x" : 0.006932419,
                "y" : 0.013508723,
                "z" : -0.0022034922
            },
            {
                "w" : 1,
                "x" : 0.03229509,
                "y" : 0.006383945,
                "z" : -0.0014133686
            },
            {
                "w" : 1,
                "x" : 0.0012786833,
                "y" : 0.012743708,
                "z" : 0.0156185785
            },
            {
                "w" : 1,
                "x" : 0.016137477,
                "y" : 0.010502595,
                "z" : 0.01770819
            },
            {
                "w" : 1,
                "x" : -0.017025253,
                "y" : 0.011755199,
                "z" : 0.00254412
            },
            {
                "w" : 1,
                "x" : -0.02655376,
                "y" : 0.007762636,
                "z" : 0.013575329
            },
            {
                "w" : 1,
                "x" : -0.015508644,
                "y" : 0.0047003697,
                "z" : 0.034500394
            },
            {
                "w" : 1,
                "x" : -0.03948978,
                "y" : -0.0049324967,
                "z" : 0.00043017234
            },
            {
                "w" : 1,
                "x" : -0.036669336,
                "y" : -0.0023398846,
                "z" : -0.011779178
            },
            {
                "w" : 1,
                "x" : -0.014064805,
                "y" : -0.0039090356,
                "z" : -0.03451447
            },
            {
                "w" : 1,
                "x" : 0.021359654,
                "y" : -0.005042705,
                "z" : -0.031336453
            },
            {
                "w" : 1,
                "x" : 0.03473266,
                "y" : -0.002050781,
                "z" : -0.017877303
            },
            {
                "w" : 1,
                "x" : 0.036621377,
                "y" : -0.0055266703,
                "z" : 0.019713257
            },
            {
                "w" : 1,
                "x" : 0.00857348,
                "y" : -0.0021822485,
                "z" : 0.04182885
            }
        ],
        "status" : 0,
        "uuid" : "ad7400e5-f148-4c36-b816-8103769c6117"
    }
}