{
    "ModelData" : {
        "edges" : [
            [
                -1,
                0.012529357,
                0.012653949,
                0.028687557,
                0.04979228,
                0.04040733,
                0.056736574,
                0.023761127,
                0.033903062,
                0.020523995,
                0.02257856,
                -1,
                -1,
                -1,
                -1,
                0.03955253,
                0.031633615,
                0.058018588,
                0.025291765,
                0.014685427,
                0.04195551,
                0.021071926,
                0.01868964,
                0.17018016,
                0.16809925,
                0.17028491,
                0.16790383,
                0.17216693,
                0.17081535,
                0.17234427,
                0.16960457,
                0.17026824
            ],
            [
                0.012529357,
                -1,
                0.016183265,
                0.02778869,
                0.047553282,
                0.03610261,
                0.051571384,
                0.014236108,
                0.02601606,
                0.010204255,
                0.017234674,
                0.029489715,
                0.016875751,
                0.043402806,
                0.025265636,
                -1,
                -1,
                -1,
                -1,
                0.02311291,
                0.04046545,
                0.024192467,
                0.022549499,
                -1,
                0.16533612,
                0.16672434,
                0.16352157,
                0.16823696,
                0.16601406,
                0.1681681,
                0.16606107,
                -1
            ],
            [
                0.012653949,
                0.016183265,
                -1,
                0.040388297,
                0.061366584,
                0.05110049,
                0.06711163,
                0.030104058,
                0.041611385,
                0.022383958,
                0.015981488,
                0.042856246,
                0.024168689,
                0.05833319,
                -1,
                -1,
                -1,
                -1,
                -1,
                0.019360663,
                0.05294742,
                0.0294696,
                0.029985083,
                -1,
                -1,
                -1,
                -1,
                -1,
                -1,
                -1,
                -1,
                -1
            ],
            [
                0.028687557,
                0.02778869,
                0.040388297,
                -1,
                0.021114398,
                0.014049588,
                0.02965408,
                0.019998496,
                0.01754479,
                0.02884591,
                0.04167323,
                -1,
                -1,
                -1,
                -1,
                0.019058082,
                0.017231174,
                0.030438473,
                0.04174483,
                0.032476943,
                0.015019557,
                0.021776093,
                0.0149326725,
                0.1416814,
                0.13982698,
                0.1420905,
                0.14007312,
                0.14394389,
                0.14285514,
                0.14412706,
                0.14143673,
                0.14194958
            ],
            [
                0.04979228,
                0.047553282,
                0.061366584,
                0.021114398,
                -1,
                0.013275226,
                0.013635941,
                0.03633807,
                0.027081415,
                0.046683222,
                0.06074582,
                -1,
                -1,
                -1,
                -1,
                0.023546135,
                0.02932909,
                0.014098445,
                0.06033842,
                0.0524804,
                0.012678848,
                0.03971016,
                0.034633808,
                0.12074975,
                0.1189977,
                0.1212672,
                0.119512975,
                0.123122565,
                0.12223022,
                0.12333399,
                0.120638266,
                0.12115725
            ],
            [
                0.04040733,
                0.03610261,
                0.05110049,
                0.014049588,
                0.013275226,
                -1,
                0.016386187,
                0.024515275,
                0.016324768,
                0.035517775,
                0.050122727,
                0.021900445,
                0.040349726,
                0.016117934,
                0.056214828,
                -1,
                -1,
                -1,
                -1,
                0.045792013,
                0.015549913,
                0.034379482,
                0.02872611,
                0.13130204,
                0.12942438,
                0.13105713,
                0.12825166,
                0.13260601,
                0.13090694,
                0.13283174,
                0.13103524,
                0.1307803
            ],
            [
                0.056736574,
                0.051571384,
                0.06711163,
                0.02965408,
                0.013635941,
                0.016386187,
                -1,
                0.038638283,
                0.028031375,
                0.04952155,
                0.06455527,
                0.032028936,
                0.053777814,
                0.015937958,
                0.07079078,
                -1,
                -1,
                -1,
                -1,
                0.061290678,
                0.02324067,
                0.048698563,
                0.044049587,
                0.11613203,
                0.114578135,
                0.11590682,
                0.11292252,
                0.11705472,
                0.11504705,
                0.11715183,
                0.11515576,
                0.11516458
            ],
            [
                0.023761127,
                0.014236108,
                0.030104058,
                0.019998496,
                0.03633807,
                0.024515275,
                0.038638283,
                -1,
                0.011949103,
                0.011317328,
                0.026048224,
                0.017218689,
                0.017714834,
                0.029347125,
                0.033936854,
                0.02397677,
                0.021348912,
                0.04148959,
                0.0322784,
                -1,
                -1,
                -1,
                -1,
                0.15394612,
                -1,
                0.15435477,
                0.15098444,
                0.15533692,
                0.15282938,
                0.15494378,
                0.15253004,
                0.15248604
            ],
            [
                0.033903062,
                0.02601606,
                0.041611385,
                0.01754479,
                0.027081415,
                0.016324768,
                0.028031375,
                0.011949103,
                -1,
                0.021790154,
                0.036628358,
                0.010188573,
                0.025760423,
                0.017406346,
                0.04344223,
                0.015444272,
                0.018116249,
                0.03003597,
                0.040197834,
                -1,
                -1,
                -1,
                -1,
                0.14277616,
                0.14213085,
                0.14344086,
                0.1403261,
                0.14430423,
                0.14178768,
                0.14365284,
                0.14112681,
                0.14106023
            ],
            [
                0.020523995,
                0.010204255,
                0.022383958,
                0.02884591,
                0.046683222,
                0.035517775,
                0.04952155,
                0.011317328,
                0.021790154,
                -1,
                0.014824697,
                0.023278225,
                0.008214102,
                0.038652927,
                0.023338363,
                0.030545577,
                0.025449123,
                0.050715037,
                0.023062624,
                -1,
                -1,
                -1,
                -1,
                0.16428266,
                -1,
                0.16502106,
                0.16179208,
                0.16586772,
                0.16330805,
                0.1652006,
                0.16260979,
                0.16243958
            ],
            [
                0.02257856,
                0.017234674,
                0.015981488,
                0.04167323,
                0.06074582,
                0.050122727,
                0.06455527,
                0.026048224,
                0.036628358,
                0.014824697,
                -1,
                0.03644891,
                0.012928117,
                0.053120762,
                0.011617896,
                0.043206833,
                0.036484327,
                0.06454733,
                -1,
                -1,
                -1,
                -1,
                -1,
                -1,
                -1,
                -1,
                -1,
                -1,
                -1,
                -1,
                -1,
                -1
            ],
            [
                -1,
                0.029489715,
                0.042856246,
                -1,
                -1,
                0.021900445,
                0.032028936,
                0.017218689,
                0.010188573,
                0.023278225,
                0.03644891,
                -1,
                0.023928419,
                0.017926924,
                0.04092262,
                0.007933576,
                0.010550834,
                0.028401949,
                0.036105424,
                0.03585405,
                0.019250428,
                0.022963565,
                0.023524683,
                0.14288199,
                0.14296718,
                0.1448522,
                0.14272669,
                0.14563814,
                0.14363036,
                0.1442933,
                0.14164297,
                0.14099336
            ],
            [
                -1,
                0.016875751,
                0.024168689,
                -1,
                -1,
                0.040349726,
                0.053777814,
                0.017714834,
                0.025760423,
                0.008214102,
                0.012928117,
                0.023928419,
                -1,
                0.04101195,
                0.018536707,
                0.030750768,
                0.024857752,
                0.052283056,
                0.017050197,
                0.02436003,
                0.040394682,
                0.021942347,
                0.026090115,
                0.16648307,
                0.16646394,
                -1,
                0.16559623,
                0.1688329,
                0.16654211,
                0.16755547,
                0.16479221,
                0.1643754
            ],
            [
                -1,
                0.043402806,
                0.05833319,
                -1,
                -1,
                0.016117934,
                0.015937958,
                0.029347125,
                0.017406346,
                0.038652927,
                0.053120762,
                0.017926924,
                0.04101195,
                -1,
                0.05865677,
                0.015419531,
                0.024615675,
                0.014134017,
                0.054022975,
                0.05186005,
                0.017235223,
                0.038331397,
                0.036151133,
                0.12611927,
                0.12601899,
                0.12746683,
                0.12528794,
                0.12829159,
                0.12606448,
                0.1270732,
                0.124444336,
                0.12412948
            ],
            [
                -1,
                0.025265636,
                -1,
                -1,
                -1,
                0.056214828,
                0.07079078,
                0.033936854,
                0.04344223,
                0.023338363,
                0.011617896,
                0.04092262,
                0.018536707,
                0.05865677,
                -1,
                0.046429574,
                0.03829482,
                0.068629995,
                0.0082352515,
                0.02080105,
                0.054564074,
                0.028513888,
                0.034038186,
                -1,
                -1,
                -1,
                -1,
                -1,
                -1,
                -1,
                -1,
                -1
            ],
            [
                0.03955253,
                -1,
                -1,
                0.019058082,
                0.023546135,
                -1,
                -1,
                0.02397677,
                0.015444272,
                0.030545577,
                0.043206833,
                0.007933576,
                0.030750768,
                0.015419531,
                0.046429574,
                -1,
                0.009809687,
                0.022324858,
                0.040730156,
                0.03844025,
                0.012872416,
                0.024324428,
                0.024298172,
                0.13680899,
                0.13704611,
                0.13925932,
                -1,
                0.14039622,
                0.1389918,
                0.13910961,
                0.13674127,
                0.13554026
            ],
            [
                0.031633615,
                -1,
                -1,
                0.017231174,
                0.02932909,
                -1,
                -1,
                0.021348912,
                0.018116249,
                0.025449123,
                0.036484327,
                0.010550834,
                0.024857752,
                0.024615675,
                0.03829482,
                0.009809687,
                -1,
                0.030970335,
                0.03219206,
                0.02884842,
                0.017118363,
                0.014597899,
                0.016076814,
                0.14505573,
                0.14497942,
                0.14747478,
                0.1460616,
                0.14891791,
                0.1478363,
                0.14786406,
                0.14569937,
                0.14430918
            ],
            [
                0.058018588,
                -1,
                -1,
                0.030438473,
                0.014098445,
                -1,
                -1,
                0.04148959,
                0.03003597,
                0.050715037,
                0.06454733,
                0.028401949,
                0.052283056,
                0.014134017,
                0.068629995,
                0.022324858,
                0.030970335,
                -1,
                0.063018866,
                0.05856426,
                0.017237745,
                0.04444993,
                0.041789766,
                0.1148689,
                0.114902705,
                0.11711254,
                0.11562115,
                0.11832249,
                0.117125295,
                0.1172151,
                0.115077674,
                0.11387646
            ],
            [
                0.025291765,
                -1,
                -1,
                0.04174483,
                0.06033842,
                -1,
                -1,
                0.0322784,
                0.040197834,
                0.023062624,
                -1,
                0.036105424,
                0.017050197,
                0.054022975,
                0.0082352515,
                0.040730156,
                0.03219206,
                0.063018866,
                -1,
                0.016958047,
                0.048882972,
                0.022300819,
                0.029239044,
                -1,
                -1,
                -1,
                -1,
                -1,
                -1,
                -1,
                -1,
                -1
            ],
            [
                0.014685427,
                0.02311291,
                0.019360663,
                0.032476943,
                0.0524804,
                0.045792013,
                0.061290678,
                -1,
                -1,
                -1,
                -1,
                0.03585405,
                0.02436003,
                0.05186005,
                0.02080105,
                0.03844025,
                0.02884842,
                0.05856426,
                0.016958047,
                -1,
                0.0420594,
                0.014571766,
                0.017933095,
                0.17128816,
                0.17027831,
                0.17305128,
                0.17190073,
                0.17473112,
                0.17380036,
                0.1743049,
                0.17257725,
                0.17120382
            ],
            [
                0.04195551,
                0.04046545,
                0.05294742,
                0.015019557,
                0.012678848,
                0.015549913,
                0.02324067,
                -1,
                -1,
                -1,
                -1,
                0.019250428,
                0.040394682,
                0.017235223,
                0.054564074,
                0.012872416,
                0.017118363,
                0.017237745,
                0.048882972,
                0.0420594,
                -1,
                0.028345993,
                0.024940567,
                0.12986058,
                0.12907575,
                0.13165946,
                0.13053532,
                0.13319615,
                0.13250764,
                0.13285865,
                0.13113849,
                0.12979728
            ],
            [
                0.021071926,
                0.024192467,
                0.0294696,
                0.021776093,
                0.03971016,
                0.034379482,
                0.048698563,
                -1,
                -1,
                -1,
                -1,
                0.022963565,
                0.021942347,
                0.038331397,
                0.028513888,
                0.024324428,
                0.014597899,
                0.04444993,
                0.022300819,
                0.014571766,
                0.028345993,
                -1,
                0.00891738,
                0.15769285,
                0.15703063,
                0.15980214,
                0.15872273,
                0.16137058,
                0.16031475,
                0.16084947,
                0.15902363,
                0.15754215
            ],
            [
                0.01868964,
                0.022549499,
                0.029985083,
                0.0149326725,
                0.034633808,
                0.02872611,
                0.044049587,
                -1,
                -1,
                -1,
                -1,
                0.023524683,
                0.026090115,
                0.036151133,
                0.034038186,
                0.024298172,
                0.016076814,
                0.041789766,
                0.029239044,
                0.017933095,
                0.024940567,
                0.00891738,
                -1,
                0.15405786,
                0.15274398,
                0.15541969,
                0.15411931,
                0.15720658,
                0.15638106,
                0.15710695,
                0.15547776,
                0.15426388
            ],
            [
                0.17018016,
                -1,
                -1,
                0.1416814,
                0.12074975,
                0.13130204,
                0.11613203,
                0.15394612,
                0.14277616,
                0.16428266,
                -1,
                0.14288199,
                0.16648307,
                0.12611927,
                -1,
                0.13680899,
                0.14505573,
                0.1148689,
                -1,
                0.17128816,
                0.12986058,
                0.15769285,
                0.15405786,
                -1,
                0.014677389,
                0.017526453,
                0.02905202,
                0.017427403,
                0.026293641,
                0.016501581,
                0.02206932,
                0.016329734
            ],
            [
                0.16809925,
                0.16533612,
                -1,
                0.13982698,
                0.1189977,
                0.12942438,
                0.114578135,
                -1,
                0.14213085,
                -1,
                -1,
                0.14296718,
                0.16646394,
                0.12601899,
                -1,
                0.13704611,
                0.14497942,
                0.114902705,
                -1,
                0.17027831,
                0.12907575,
                0.15703063,
                0.15274398,
                0.014677389,
                -1,
                0.008959884,
                0.021311933,
                0.016585648,
                0.026808271,
                0.023644635,
                0.030720059,
                0.02857846
            ],
            [
                0.17028491,
                0.16672434,
                -1,
                0.1420905,
                0.1212672,
                0.13105713,
                0.11590682,
                0.15435477,
                0.14344086,
                0.16502106,
                -1,
                0.1448522,
                -1,
                0.12746683,
                -1,
                0.13925932,
                0.14747478,
                0.11711254,
                -1,
                0.17305128,
                0.13165946,
                0.15980214,
                0.15541969,
                0.017526453,
                0.008959884,
                -1,
                0.013248539,
                0.009112581,
                0.018883174,
                0.019031126,
                0.026244387,
                0.026833376
            ],
            [
                0.16790383,
                0.16352157,
                -1,
                0.14007312,
                0.119512975,
                0.12825166,
                0.11292252,
                0.15098444,
                0.1403261,
                0.16179208,
                -1,
                0.14272669,
                0.16559623,
                0.12528794,
                -1,
                -1,
                0.1460616,
                0.11562115,
                -1,
                0.17190073,
                0.13053532,
                0.15872273,
                0.15411931,
                0.02905202,
                0.021311933,
                0.013248539,
                -1,
                0.013919175,
                0.014952444,
                0.023290409,
                0.02840748,
                0.032935757
            ],
            [
                0.17216693,
                0.16823696,
                -1,
                0.14394389,
                0.123122565,
                0.13260601,
                0.11705472,
                0.15533692,
                0.14430423,
                0.16586772,
                -1,
                0.14563814,
                0.1688329,
                0.12829159,
                -1,
                0.14039622,
                0.14891791,
                0.11832249,
                -1,
                0.17473112,
                0.13319615,
                0.16137058,
                0.15720658,
                0.017427403,
                0.016585648,
                0.009112581,
                0.013919175,
                -1,
                0.010995225,
                0.010843744,
                0.017809257,
                0.020418357
            ],
            [
                0.17081535,
                0.16601406,
                -1,
                0.14285514,
                0.12223022,
                0.13090694,
                0.11504705,
                0.15282938,
                0.14178768,
                0.16330805,
                -1,
                0.14363036,
                0.16654211,
                0.12606448,
                -1,
                0.1389918,
                0.1478363,
                0.117125295,
                -1,
                0.17380036,
                0.13250764,
                0.16031475,
                0.15638106,
                0.026293641,
                0.026808271,
                0.018883174,
                0.014952444,
                0.010995225,
                -1,
                0.012497349,
                0.015039875,
                0.022180641
            ],
            [
                0.17234427,
                0.1681681,
                -1,
                0.14412706,
                0.12333399,
                0.13283174,
                0.11715183,
                0.15494378,
                0.14365284,
                0.1652006,
                -1,
                0.1442933,
                0.16755547,
                0.1270732,
                -1,
                0.13910961,
                0.14786406,
                0.1172151,
                -1,
                0.1743049,
                0.13285865,
                0.16084947,
                0.15710695,
                0.016501581,
                0.023644635,
                0.019031126,
                0.023290409,
                0.010843744,
                0.012497349,
                -1,
                0.0077230963,
                0.01059883
            ],
            [
                0.16960457,
                0.16606107,
                -1,
                0.14143673,
                0.120638266,
                0.13103524,
                0.11515576,
                0.15253004,
                0.14112681,
                0.16260979,
                -1,
                0.14164297,
                0.16479221,
                0.124444336,
                -1,
                0.13674127,
                0.14569937,
                0.115077674,
                -1,
                0.17257725,
                0.13113849,
                0.15902363,
                0.15547776,
                0.02206932,
                0.030720059,
                0.026244387,
                0.02840748,
                0.017809257,
                0.015039875,
                0.0077230963,
                -1,
                0.009280043
            ],
            [
                0.17026824,
                -1,
                -1,
                0.14194958,
                0.12115725,
                0.1307803,
                0.11516458,
                0.15248604,
                0.14106023,
                0.16243958,
                -1,
                0.14099336,
                0.1643754,
                0.12412948,
                -1,
                0.13554026,
                0.14430918,
                0.11387646,
                -1,
                0.17120382,
                0.12979728,
                0.15754215,
                0.15426388,
                0.016329734,
                0.02857846,
                0.026833376,
                0.032935757,
                0.020418357,
                0.022180641,
                0.01059883,
                0.009280043,
                -1
            ]
        ],
        "id" : 4,
        "name" : "pf_zusatz_v3",
        "points" : [
            {
                "w" : 1,
                "x" : -0.07682754,
                "y" : 0.0046968865,
                "z" : -0.01259913
            },
            {
                "w" : 1,
                "x" : -0.08082916,
                "y" : -0.007038178,
                "z" : -0.010471677
            },
            {
                "w" : 1,
                "x" : -0.065579906,
                "y" : -0.0012559223,
                "z" : -0.01140419
            },
            {
                "w" : 1,
                "x" : -0.10510589,
                "y" : 0.00606879,
                "z" : -0.007954032
            },
            {
                "w" : 1,
                "x" : -0.12603712,
                "y" : 0.0062976475,
                "z" : -0.0052275965
            },
            {
                "w" : 1,
                "x" : -0.11654044,
                "y" : -0.0019706008,
                "z" : -0.009428635
            },
            {
                "w" : 1,
                "x" : -0.13221121,
                "y" : -0.0057636527,
                "z" : -0.0065299543
            },
            {
                "w" : 1,
                "x" : -0.093802944,
                "y" : -0.010049958,
                "z" : -0.0053209234
            },
            {
                "w" : 1,
                "x" : -0.10499145,
                "y" : -0.009944858,
                "z" : -0.0011175825
            },
            {
                "w" : 1,
                "x" : -0.08323623,
                "y" : -0.011244722,
                "z" : -0.0014508786
            },
            {
                "w" : 1,
                "x" : -0.068450466,
                "y" : -0.011409259,
                "z" : 0.0008061307
            },
            {
                "w" : 1,
                "x" : -0.103744045,
                "y" : -0.0053832196,
                "z" : 0.008000402
            },
            {
                "w" : 1,
                "x" : -0.08030464,
                "y" : -0.009886315,
                "z" : 0.0061537335
            },
            {
                "w" : 1,
                "x" : -0.12123061,
                "y" : -0.0077467225,
                "z" : 0.0048767044
            },
            {
                "w" : 1,
                "x" : -0.06286575,
                "y" : -0.0034055118,
                "z" : 0.0072360635
            },
            {
                "w" : 1,
                "x" : -0.10908653,
                "y" : 0.0002320857,
                "z" : 0.009924592
            },
            {
                "w" : 1,
                "x" : -0.10036804,
                "y" : 0.0045549073,
                "z" : 0.008734572
            },
            {
                "w" : 1,
                "x" : -0.13119459,
                "y" : 0.0019574785,
                "z" : 0.0073562516
            },
            {
                "w" : 1,
                "x" : -0.06839515,
                "y" : 0.001284804,
                "z" : 0.011270462
            },
            {
                "w" : 1,
                "x" : -0.07416107,
                "y" : 0.012646785,
                "z" : -0.0003127174
            },
            {
                "w" : 1,
                "x" : -0.11592246,
                "y" : 0.008243821,
                "z" : 0.002349733
            },
            {
                "w" : 1,
                "x" : -0.08774902,
                "y" : 0.010592163,
                "z" : 0.0045978855
            },
            {
                "w" : 1,
                "x" : -0.09180404,
                "y" : 0.011261713,
                "z" : -0.003320305
            },
            {
                "w" : 1,
                "x" : -0.24552871,
                "y" : 0.013895354,
                "z" : 0.007929954
            },
            {
                "w" : 1,
                "x" : -0.24436714,
                "y" : 0.016776815,
                "z" : -0.0065156943
            },
            {
                "w" : 1,
                "x" : -0.24705459,
                "y" : 0.008482835,
                "z" : -0.008773703
            },
            {
                "w" : 1,
                "x" : -0.24453308,
                "y" : -0.0022061118,
                "z" : -0.016292775
            },
            {
                "w" : 1,
                "x" : -0.24887992,
                "y" : 0.0010620459,
                "z" : -0.0035413024
            },
            {
                "w" : 1,
                "x" : -0.24695922,
                "y" : -0.009792301,
                "z" : -0.0035413066
            },
            {
                "w" : 1,
                "x" : -0.24818183,
                "y" : -0.00256912,
                "z" : 0.0066987816
            },
            {
                "w" : 1,
                "x" : -0.2455268,
                "y" : -0.008101035,
                "z" : 0.011437257
            },
            {
                "w" : 1,
                "x" : -0.24452926,
                "y" : -0.000286498,
                "z" : 0.016429927
            }
        ],
        "status" : 0,
        "uuid" : "aad2eb47-9ed6-4fca-9437-fcc613820985"
    }
}